1 1.4376000000000002 0.7593360520876116
2 1.3526000000000002 0.672453150784499
3 1.0479999999999998 0.22683077392629072
4 1.1508 0.10182907246950651
5 1.1220999999999999 0.10729813605091185
6 1.1794999999999998 0.2041358616216171
7 0.7143 0.14259666896530226
8 1.1479 0.29751048721011497
9 1.8062999999999998 0.3572117159332824
10 1.5506 0.22722376636258804
11 2.4054999999999995 0.6962517145400791
12 2.5257 0.49167978400580997
13 3.4616 0.9597653046448389
14 3.5462000000000002 0.8998424084249418
15 3.6851 1.0306982536125688
16 5.245 1.4707315186668164
17 3.4444000000000004 1.4544306239900204
18 3.6374000000000004 1.5764304742043018
19 2.8529999999999998 1.1349903083286657
20 2.8494 0.7331348034297649
21 2.1038 0.7885638591769217
22 1.3504 0.40299012394846606
23 0.9754000000000002 0.24929187712398493
24 0.8466000000000001 0.16500375753297256
25 1.0670000000000002 0.09160131003430026
26 1.1072 0.13984048054837336
27 1.1967999999999999 0.1856705684808446
28 2.0284 0.5395530001769984
29 2.5644 0.48945933436803507
30 2.1929 0.4191227624455632
31 2.409 0.6643899457396989
32 2.2599000000000005 0.8157539396165979
33 2.6887999999999996 0.742950038697085
34 1.9217 0.6507418919971267
35 1.9346999999999999 0.5956039036138026
36 2.0508 0.5825883280670837
37 1.7991 0.6562491066660585
38 2.1826 0.8220679047378021
39 2.0321000000000007 0.6978453195372167
40 1.5612999999999997 0.48068660268411895
41 2.0513 0.6424258789930556
42 1.5767000000000002 0.3975027169718466
43 2.0776000000000003 0.47067020300843354
44 1.5215999999999998 0.2299566046018249
45 1.1470999999999998 0.26598550712397845
46 1.1032000000000002 0.11473081538976351
47 0.8893000000000001 0.07766859082022796
48 1.0062000000000002 0.0724317609892235
49 1.1724 0.15111068790790413
50 0.7489999999999999 0.19188225556314484
51 0.8096000000000002 0.28675397120179524
52 0.7967 0.2138228472357433
53 0.8677999999999999 0.19404576779718746
54 0.8145 0.24449304693589963
55 1.0017999999999998 0.10493979226203949
56 1.533 0.2617800603560172
57 0.8013 0.08560846920719936
58 0.7246 0.06343374496275621
59 1.1894 0.23704269657595445
60 1.3238999999999999 0.4071411180413985
61 1.671 0.1861703520972123
62 0.8383999999999998 0.10628941621817291
63 1.1092 0.1790093852288198
64 2.3115 0.4772997485857288
65 1.7963999999999998 0.3475402710478312
66 1.4212 0.23254453336941722
67 1.4762 0.23340685508356435
68 1.2137 0.16882775245794165
69 0.8263999999999999 0.11559342541857646
70 1.1955000000000002 0.413243330254706
71 0.6683000000000001 0.14561665426729184
72 1.2020000000000002 0.14885496296731254
73 1.3087 0.16075076982708358
74 0.9585000000000001 0.11748467985231097
75 2.3207 0.10251053604386239
76 0.8286 0.10751297596104394
77 1.0936 0.06259105367382786
78 0.8620999999999999 0.11393897489445831
79 1.5232999999999999 0.31170628803410433
80 1.4868999999999999 0.34897835176411734
81 1.6151 0.5202809721679239
82 1.7614 0.6213834886766787
83 1.2860999999999998 0.6137638715336704
84 2.1954 0.7378393049980462
85 1.7477 0.837202968222163
86 1.1829999999999998 0.3857768785191772
87 1.3244 0.2355199354619477
88 1.2470999999999999 0.317981902000727
89 1.1803000000000003 0.3572223537238397
90 1.3441999999999998 0.2710117340633058
91 1.5311 0.39016956570188815
92 1.8455 0.4113967063553135
93 2.6342 0.6292875018622252
94 1.7563 0.3140662509726253
95 1.2880000000000003 0.09452724474986031
96 1.1271999999999998 0.120980824926928
97 1.7309000000000005 0.2980702769482392
98 1.1375 0.1646913780378317
99 1.0343 0.10611130948207172
100 1.4782 0.262231119434746
101 1.0069000000000001 0.10617857599346489
102 1.0178 0.13743129192436493
103 0.748 0.05835066409219347
104 0.9570000000000001 0.10468237674030902
105 1.1481 0.060153885992510876
106 0.933 0.06837397165588668
107 0.7621999999999999 0.07428835709584643
108 0.9115999999999997 0.13806389825004942
109 0.8732 0.08735880035806354
110 0.7186 0.062216075093178294
111 0.8435 0.06403631782043685
112 0.8401 0.07187273474691216
113 0.8687999999999999 0.12069200470619416
114 0.7123 0.06126018282702071
115 0.9498000000000001 0.0644775930071835
116 0.7541 0.056514511410787255
117 0.6422999999999999 0.04349724129183367
118 0.8365 0.11040493648383663
119 0.9204000000000001 0.058428075443231926
120 1.1179999999999999 0.32515319466368464
121 1.0785 0.15866206225812146
122 1.8895000000000004 0.382271696571954
123 1.9292000000000002 0.31460762864240904
124 3.2077000000000004 0.805551370180698
125 3.266800000000001 1.0380293637465177
126 4.567099999999999 1.4266561218457656
127 4.2463 0.8536436083050117
128 4.407 1.031692008304804
129 3.8194000000000004 0.9767979524958065
130 3.1828000000000003 0.8085523854395581
131 2.7653 0.70598867554657
132 1.4775 0.21757079307664437
133 1.1315000000000002 0.07600164471904537
134 1.5005 0.2012184136703199
135 0.6982999999999999 0.07881503663641856
136 0.8268000000000001 0.10810809405405315
137 0.7273000000000001 0.08366725763403507
138 0.8699999999999999 0.06905070600652828
139 0.7753 0.05059851776485158
140 0.537 0.02896894889359983
141 0.7853 0.08118503556690727
142 0.6632999999999999 0.0438817729815011
143 0.5814999999999999 0.02833813684771814
144 1.3651999999999997 0.2564280795856803
145 0.9460000000000001 0.12354675228430735
146 0.6595000000000001 0.03668037622489714
147 0.7523 0.031937595401031665
148 0.8362999999999999 0.032227472752296295
149 1.9719999999999995 0.13148383931114885
150 1.1367999999999998 0.06672600692383737
151 1.9662 0.07746973602639941
152 1.1171 0.08397195960557308
153 0.8636999999999999 0.0736139253130819
154 1.4577 0.10829778391084456
155 1.2264999999999997 0.08958152711357406
156 0.7193000000000002 0.04873202232618709
157 1.1209 0.07969247141355328
158 0.9357 0.02621469053794075
159 1.0938 0.1096228078458128
160 0.913 0.07445535575094647
161 0.6049 0.0599440572534092
162 0.557 0.10173396679575608
163 0.5377 0.029305460242077763
164 0.5793 0.03637320442303646
165 1.0711000000000002 0.3365366101927099
166 0.8459000000000001 0.16056615459056123
167 1.2992 0.21952166180129015
168 2.1571999999999996 0.34811457883863467
169 3.0 0.5191446811824235
170 3.9005 1.0977964519891654
171 3.9875 1.0228858440705884
172 4.2665999999999995 1.058423847048053
173 4.1512 0.9155271486963126
174 3.5111 0.8706552073008004
175 3.1675999999999993 0.7463898713139134
176 1.9027 0.5061776466814788
177 1.5562 0.3966282390349936
178 0.9290999999999998 0.2512594077840668
179 0.8864000000000001 0.19038287738134438
180 0.7501 0.1252433231753294
181 0.7768 0.12660078988695134
182 0.7902000000000001 0.19842721587524229
183 0.5363 0.052476756759540694
184 0.9241000000000001 0.18806299476505206
185 0.9341000000000002 0.02367467000825989
186 0.6135 0.05981680365917256
187 1.0075 0.16313016275355088
188 0.7203000000000002 0.10999095417351373
189 1.5303999999999998 0.14931992499328411
190 2.1122 0.6716348412642095
191 2.3165 0.8507311267374669
192 1.6089000000000002 0.5817677285652755
193 2.3289999999999997 0.5546449314651671
194 1.3562999999999998 0.2744733320379231
195 1.438 0.22569581298730373
196 0.8644000000000001 0.06302570904004176
197 0.7646000000000001 0.039767323269237015
198 1.1006 0.11541940911302571
199 0.6811 0.06533062069198488
200 0.6598 0.08776536902446204
201 0.9352 0.18111145739571527
202 0.9673999999999999 0.4775016649185633
203 1.2753999999999999 0.7434250735615527
204 1.4934 0.7188849977569429
205 1.8829999999999998 0.7472494897957442
206 1.5647999999999997 0.7714627405131113
207 2.1605 0.8682138273490003
208 1.6070999999999998 0.6672430516685804
209 1.2858 0.3589305782459889
210 1.3138 0.3832215547173723
211 1.1463 0.4493815861826116
212 1.5332000000000001 0.4802923692918721
213 1.3061 0.7535409013451094
214 0.7966999999999999 0.19532078742417563
215 0.7494999999999999 0.1004910443770986
216 0.9212000000000001 0.0844130321692095
217 0.6990999999999998 0.07050595719511933
218 1.5055 0.3555435978892041
219 0.5914 0.054816420897391714
220 0.5767 0.04532780603558922
221 0.5750000000000001 0.05456738952891189
222 0.9731 0.21062832193226055
223 0.852 0.24266684981678074
224 1.3241 0.17116801687231176
225 1.1800000000000002 0.20474374227311562
226 0.9017000000000002 0.11120885756089754
227 1.9925000000000002 0.5365434278788624
228 0.6838000000000001 0.055499189183266434
229 0.6574 0.06048669275138131
230 0.5776999999999999 0.04526599164936078
231 0.5588 0.04198047165051864
232 0.4572 0.02953912659507726
233 0.61 0.14011138426266442
234 0.5368 0.06608600456980283
235 0.7511000000000001 0.09246777817164205
236 0.6793000000000001 0.11367677863134584
237 1.3724 0.5614230490459045
238 0.8554999999999999 0.0870439544138477
239 0.7386999999999999 0.052413834051708116
240 2.4221999999999997 0.07070190945087695
241 0.9591999999999998 0.06538164880147944
242 1.241 0.07719326395482966
243 0.9018 0.07199833331404278
244 1.3847 0.08435881696657438
245 0.7028 0.042864437474437946
246 1.0079000000000002 0.06045237795157442
247 0.6572 0.03650972473191221
248 0.8600999999999999 0.03744182153688572
249 0.5680000000000001 0.02920616373302044
250 1.0591999999999997 0.14478038541183677
251 0.5506 0.029957302949364432
252 0.6062 0.036432952117554235
253 0.9168000000000001 0.09686051827241068
254 0.8132999999999999 0.2253291148520315
255 0.8474 0.08363994261117114
256 0.737 0.08544003745317531
257 1.0315 0.2337747847822772
258 0.7398 0.06271650500466365
259 1.2255999999999998 0.07834436801710765
260 0.5831999999999999 0.05143889578908163
261 1.3493999999999997 0.08182077975673417
262 0.9343999999999999 0.05027166199759068
263 0.8907 0.05577642871321181
264 0.7823999999999999 0.0720072218600329
265 1.1125999999999998 0.07649209109443929
266 0.8542 0.047637800117133845
267 0.7691 0.053963784151966204
268 1.0015 0.07738378383098103
269 1.125 0.11074113960042124
